1110101001100000111010000101111111111011
1110101001100001110100011000101000100101
1110101001100000111000101110001010100000
1110101001100001111000101011111101101111
1110101001100001010010000010000011111000
1110101001100001011101000111010010111111
1110101001100001101010111101110101001101
1110101001100001010100101110100111100001
1110101001100001000000110100001011110111
1110101001100000110111000000111010100011
1110101001100000101101011001101101110110
1110101001100001101000011111111000000110
1110101001100001001101110011001100100100
1110101001100000110100010111110010000011
1110101001100001110101001101100100010001
1110101001100000111110110001100100001111
1110101001100001001011010111100000001111
1110101001100001000000110000000010101010
1110101001100001011110101001010011110110
1110101001100001011010001111110100010110
1110101001100001011100000011010110110000
1110101001100000111110000010000001100010
1110101001100000111111101110100001001110
1110101001100000111100111011101100000110
1110101001100001000011100101000101111111
1110101001100000110011000110011011111100
1110101001100000110101000001110001110101
1110101001100001111100110000100101000101
1110101001100001111100011011010001111011
1110101001100000110111000100111001110000
1110101001100000101000010101001011101111
1110101001100000111000100001101110001101
1110101001100001100101000001111011000011
1110101001100001101100001100000101000000
1110101001100000101000001101010010001111
1110101001100001011010000011010011111001
1110101001100000100110010010110110011000
1110101001100001010100011101101011100001
1110101001100001011111101000100110111100
1110101001100001111110101101010101001111
1110101001100000111101011011010111110000
1110101001100001101110010000001111010111
1110101001100001110100010111001100110111
1110101001100001111001000011110000111011
1110101001100000100110010110001000111010
1110101001100001010000010101001111100100
1110101001100001111110010101011011110011
1110101001100001001001111111100100110110
1110101001100001101111010000110110011111
1110101001100001010111001111110110110000
1110101001100001101011011010010001100110
1110101001100001010001101110000011000100
1110101001100000101000110000110100001010
1110101001100000101101111010111110101111
1110101001100000110000001010010101001111
1110101001100000111100101110001101110000
1110101001100001111100110110001111100000
1110101001100001011110111010011011111011
1110101001100001101111100001101100000000
1110101001100001011001000000101101101100
1110101001100001011111001111000101001111
1110101001100001101111000110010100111100
1110101001100001111001011010011000011011
1110101001100001111000001001100011010101