30000 15228923
30000 30509605
30000 14869152
30000 31637359
30000 21504248
30000 24409279
30000 28040525
30000 22211041
30000 16990967
30000 14421667
30000 11901814
30000 27393542
30000 20394788
30000 13728899
30000 30726417
30000 16455951
30000 19757071
30000 16973994
30000 24810742
30000 23657750
30000 24130992
30000 16261218
30000 16705614
30000 15973126
30000 17715583
30000 13395708
30000 13900917
30000 32704837
30000 32617595
30000 14438000
30000 10572527
30000 14818189
30000 26484419
30000 28361024
30000 10540175
30000 23606521
30000 10038680
30000 22141665
30000 25070012
30000 33215823
30000 16102896
30000 28902359
30000 30503735
30000 31734843
30000 10052154
30000 21058532
30000 33117939
30000 19396918
30000 29167007
30000 22871472
30000 28157030
30000 21422276
30000 10685706
30000 12038063
30000 12625231
30000 15917936
30000 32728032
30000 24880891
30000 29235968
30000 23333740
30000 24965455
30000 29123900
30000 31827483
30000 31496405