10000100001000111
00011000010001111
01000010010010011
00010011000110010
01011001000101110
10000001011001011
00010100011000001
00100110100110001
01000010100010011
00110001100110001
10000001010101011
01000001011010001
01100111010010011
01010100010000001
01100010010100011
10010100010100110
10010100100100010
00100000000001011
10000101100100011
01000001000101001
00011001000001111
01000100010100001
01010101100100111
10010110010010010
01000011010000111
00010001000100011
10000111001101111
00011001100110011
01010011000001010
10000110010010011
01010110001100101
01010000000110011
10000010000001001
00010001100000111
01100001010100111
01000111000000101
10011000011001101
10000010000100101
00010100100001011
00100111000101001
01010000011100011
01110011001001101
00111001100010001
01000010001110011
10010010100100111
10010101100000101
01000110011010011
10010000100001111
00111001011100101
00010111010001001
01010111010000001
01101001010001110
10010000001101100
10010110100001101
01111001001010011
01111000001100011
01110011100100001
01110011000100111
01111001000001011
10010111011010011
01000011011000111
00010111010001111
00110001010101101
00101001100100111